
Gaussian Elimination WITHOUT Pivoting

Augmented Matrix:
      -380.049        71.6644       -18.4853        9.17157             -6        4.61984             -4        71.6644              0              0              0              0              0              0       -18.4853              0              0              0              0              0              0        9.17157              0              0              0              0              0              0             -6              0              0              0              0              0              0        4.61984              0              0              0              0              0              0             -4              0              0              0              0              0              0  |       -489.245
       36.0379       -236.024        23.3614             -6         2.9817             -2        1.61894              0        71.6644              0              0              0              0              0              0       -18.4853              0              0              0              0              0              0        9.17157              0              0              0              0              0              0             -6              0              0              0              0              0              0        4.61984              0              0              0              0              0              0             -4              0              0              0              0              0  |       -177.045
            -6        17.6203           -216        14.8284             -4        2.09541       -1.51472              0              0        71.6644              0              0              0              0              0              0       -18.4853              0              0              0              0              0              0        9.17157              0              0              0              0              0              0             -6              0              0              0              0              0              0        4.61984              0              0              0              0              0              0             -4              0              0              0              0  |           -154
       2.34315             -4        13.6569       -212.024        13.6569             -4        2.34315              0              0              0        71.6644              0              0              0              0              0              0       -18.4853              0              0              0              0              0              0        9.17157              0              0              0              0              0              0             -6              0              0              0              0              0              0        4.61984              0              0              0              0              0              0             -4              0              0              0  |       -125.347
      -1.51472        2.09541             -4        14.8284           -216        17.6203             -6              0              0              0              0        71.6644              0              0              0              0              0              0       -18.4853              0              0              0              0              0              0        9.17157              0              0              0              0              0              0             -6              0              0              0              0              0              0        4.61984              0              0              0              0              0              0             -4              0              0  |           -154
       1.61894             -2         2.9817             -6        23.3614       -236.024        36.0379              0              0              0              0              0        71.6644              0              0              0              0              0              0       -18.4853              0              0              0              0              0              0        9.17157              0              0              0              0              0              0             -6              0              0              0              0              0              0        4.61984              0              0              0              0              0              0             -4              0  |       -177.045
            -4        4.61984             -6        9.17157       -18.4853        71.6644       -380.049              0              0              0              0              0              0        71.6644              0              0              0              0              0              0       -18.4853              0              0              0              0              0              0        9.17157              0              0              0              0              0              0             -6              0              0              0              0              0              0        4.61984              0              0              0              0              0              0             -4  |       -489.245
       36.0379              0              0              0              0              0              0       -236.024        71.6644       -18.4853        9.17157             -6        4.61984             -4        23.3614              0              0              0              0              0              0             -6              0              0              0              0              0              0         2.9817              0              0              0              0              0              0             -2              0              0              0              0              0              0        1.61894              0              0              0              0              0              0  |       -177.045
             0        36.0379              0              0              0              0              0        36.0379            -92        23.3614             -6         2.9817             -2        1.61894              0        23.3614              0              0              0              0              0              0             -6              0              0              0              0              0              0         2.9817              0              0              0              0              0              0             -2              0              0              0              0              0              0        1.61894              0              0              0              0              0  |             34
             0              0        36.0379              0              0              0              0             -6        17.6203       -71.9756        14.8284             -4        2.09541       -1.51472              0              0        23.3614              0              0              0              0              0              0             -6              0              0              0              0              0              0         2.9817              0              0              0              0              0              0             -2              0              0              0              0              0              0        1.61894              0              0              0              0  |        11.0452
             0              0              0        36.0379              0              0              0        2.34315             -4        13.6569            -68        13.6569             -4        2.34315              0              0              0        23.3614              0              0              0              0              0              0             -6              0              0              0              0              0              0         2.9817              0              0              0              0              0              0             -2              0              0              0              0              0              0        1.61894              0              0              0  |             17
             0              0              0              0        36.0379              0              0       -1.51472        2.09541             -4        14.8284       -71.9756        17.6203             -6              0              0              0              0        23.3614              0              0              0              0              0              0             -6              0              0              0              0              0              0         2.9817              0              0              0              0              0              0             -2              0              0              0              0              0              0        1.61894              0              0  |        11.0452
             0              0              0              0              0        36.0379              0        1.61894             -2         2.9817             -6        23.3614            -92        36.0379              0              0              0              0              0        23.3614              0              0              0              0              0              0             -6              0              0              0              0              0              0         2.9817              0              0              0              0              0              0             -2              0              0              0              0              0              0        1.61894              0  |             34
             0              0              0              0              0              0        36.0379             -4        4.61984             -6        9.17157       -18.4853        71.6644       -236.024              0              0              0              0              0              0        23.3614              0              0              0              0              0              0             -6              0              0              0              0              0              0         2.9817              0              0              0              0              0              0             -2              0              0              0              0              0              0        1.61894  |       -177.045
            -6              0              0              0              0              0              0        17.6203              0              0              0              0              0              0           -216        71.6644       -18.4853        9.17157             -6        4.61984             -4        14.8284              0              0              0              0              0              0             -4              0              0              0              0              0              0        2.09541              0              0              0              0              0              0       -1.51472              0              0              0              0              0              0  |           -154
             0             -6              0              0              0              0              0              0        17.6203              0              0              0              0              0        36.0379       -71.9756        23.3614             -6         2.9817             -2        1.61894              0        14.8284              0              0              0              0              0              0             -4              0              0              0              0              0              0        2.09541              0              0              0              0              0              0       -1.51472              0              0              0              0              0  |        11.0452
             0              0             -6              0              0              0              0              0              0        17.6203              0              0              0              0             -6        17.6203       -51.9512        14.8284             -4        2.09541       -1.51472              0              0        14.8284              0              0              0              0              0              0             -4              0              0              0              0              0              0        2.09541              0              0              0              0              0              0       -1.51472              0              0              0              0  |       -2.75527
             0              0              0             -6              0              0              0              0              0              0        17.6203              0              0              0        2.34315             -4        13.6569       -47.9756        13.6569             -4        2.34315              0              0              0        14.8284              0              0              0              0              0              0             -4              0              0              0              0              0              0        2.09541              0              0              0              0              0              0       -1.51472              0              0              0  |        3.34672
             0              0              0              0             -6              0              0              0              0              0              0        17.6203              0              0       -1.51472        2.09541             -4        14.8284       -51.9512        17.6203             -6              0              0              0              0        14.8284              0              0              0              0              0              0             -4              0              0              0              0              0              0        2.09541              0              0              0              0              0              0       -1.51472              0              0  |       -2.75527
             0              0              0              0              0             -6              0              0              0              0              0              0        17.6203              0        1.61894             -2         2.9817             -6        23.3614       -71.9756        36.0379              0              0              0              0              0        14.8284              0              0              0              0              0              0             -4              0              0              0              0              0              0        2.09541              0              0              0              0              0              0       -1.51472              0  |        11.0452
             0              0              0              0              0              0             -6              0              0              0              0              0              0        17.6203             -4        4.61984             -6        9.17157       -18.4853        71.6644           -216              0              0              0              0              0              0        14.8284              0              0              0              0              0              0             -4              0              0              0              0              0              0        2.09541              0              0              0              0              0              0       -1.51472  |           -154
       2.34315              0              0              0              0              0              0             -4              0              0              0              0              0              0        13.6569              0              0              0              0              0              0       -212.024        71.6644       -18.4853        9.17157             -6        4.61984             -4        13.6569              0              0              0              0              0              0             -4              0              0              0              0              0              0        2.34315              0              0              0              0              0              0  |       -125.347
             0        2.34315              0              0              0              0              0              0             -4              0              0              0              0              0              0        13.6569              0              0              0              0              0        36.0379            -68        23.3614             -6         2.9817             -2        1.61894              0        13.6569              0              0              0              0              0              0             -4              0              0              0              0              0              0        2.34315              0              0              0              0              0  |             17
             0              0        2.34315              0              0              0              0              0              0             -4              0              0              0              0              0              0        13.6569              0              0              0              0             -6        17.6203       -47.9756        14.8284             -4        2.09541       -1.51472              0              0        13.6569              0              0              0              0              0              0             -4              0              0              0              0              0              0        2.34315              0              0              0              0  |        3.34672
             0              0              0        2.34315              0              0              0              0              0              0             -4              0              0              0              0              0              0        13.6569              0              0              0        2.34315             -4        13.6569            -44        13.6569             -4        2.34315              0              0              0        13.6569              0              0              0              0              0              0             -4              0              0              0              0              0              0        2.34315              0              0              0  |              8
             0              0              0              0        2.34315              0              0              0              0              0              0             -4              0              0              0              0              0              0        13.6569              0              0       -1.51472        2.09541             -4        14.8284       -47.9756        17.6203             -6              0              0              0              0        13.6569              0              0              0              0              0              0             -4              0              0              0              0              0              0        2.34315              0              0  |        3.34671
             0              0              0              0              0        2.34315              0              0              0              0              0              0             -4              0              0              0              0              0              0        13.6569              0        1.61894             -2         2.9817             -6        23.3614            -68        36.0379              0              0              0              0              0        13.6569              0              0              0              0              0              0             -4              0              0              0              0              0              0        2.34315              0  |             17
             0              0              0              0              0              0        2.34315              0              0              0              0              0              0             -4              0              0              0              0              0              0        13.6569             -4        4.61984             -6        9.17157       -18.4853        71.6644       -212.024              0              0              0              0              0              0        13.6569              0              0              0              0              0              0             -4              0              0              0              0              0              0        2.34315  |       -125.347
      -1.51472              0              0              0              0              0              0        2.09541              0              0              0              0              0              0             -4              0              0              0              0              0              0        14.8284              0              0              0              0              0              0           -216        71.6644       -18.4853        9.17157             -6        4.61984             -4        17.6203              0              0              0              0              0              0             -6              0              0              0              0              0              0  |           -154
             0       -1.51472              0              0              0              0              0              0        2.09541              0              0              0              0              0              0             -4              0              0              0              0              0              0        14.8284              0              0              0              0              0        36.0379       -71.9756        23.3614             -6         2.9817             -2        1.61894              0        17.6203              0              0              0              0              0              0             -6              0              0              0              0              0  |        11.0452
             0              0       -1.51472              0              0              0              0              0              0        2.09541              0              0              0              0              0              0             -4              0              0              0              0              0              0        14.8284              0              0              0              0             -6        17.6203       -51.9512        14.8284             -4        2.09541       -1.51472              0              0        17.6203              0              0              0              0              0              0             -6              0              0              0              0  |       -2.75527
             0              0              0       -1.51472              0              0              0              0              0              0        2.09541              0              0              0              0              0              0             -4              0              0              0              0              0              0        14.8284              0              0              0        2.34315             -4        13.6569       -47.9756        13.6569             -4        2.34315              0              0              0        17.6203              0              0              0              0              0              0             -6              0              0              0  |        3.34671
             0              0              0              0       -1.51472              0              0              0              0              0              0        2.09541              0              0              0              0              0              0             -4              0              0              0              0              0              0        14.8284              0              0       -1.51472        2.09541             -4        14.8284       -51.9512        17.6203             -6              0              0              0              0        17.6203              0              0              0              0              0              0             -6              0              0  |       -2.75526
             0              0              0              0              0       -1.51472              0              0              0              0              0              0        2.09541              0              0              0              0              0              0             -4              0              0              0              0              0              0        14.8284              0        1.61894             -2         2.9817             -6        23.3614       -71.9756        36.0379              0              0              0              0              0        17.6203              0              0              0              0              0              0             -6              0  |        11.0452
             0              0              0              0              0              0       -1.51472              0              0              0              0              0              0        2.09541              0              0              0              0              0              0             -4              0              0              0              0              0              0        14.8284             -4        4.61984             -6        9.17157       -18.4853        71.6644           -216              0              0              0              0              0              0        17.6203              0              0              0              0              0              0             -6  |           -154
       1.61894              0              0              0              0              0              0             -2              0              0              0              0              0              0         2.9817              0              0              0              0              0              0             -6              0              0              0              0              0              0        23.3614              0              0              0              0              0              0       -236.024        71.6644       -18.4853        9.17157             -6        4.61984             -4        36.0379              0              0              0              0              0              0  |       -177.045
             0        1.61894              0              0              0              0              0              0             -2              0              0              0              0              0              0         2.9817              0              0              0              0              0              0             -6              0              0              0              0              0              0        23.3614              0              0              0              0              0        36.0379            -92        23.3614             -6         2.9817             -2        1.61894              0        36.0379              0              0              0              0              0  |             34
             0              0        1.61894              0              0              0              0              0              0             -2              0              0              0              0              0              0         2.9817              0              0              0              0              0              0             -6              0              0              0              0              0              0        23.3614              0              0              0              0             -6        17.6203       -71.9756        14.8284             -4        2.09541       -1.51472              0              0        36.0379              0              0              0              0  |        11.0452
             0              0              0        1.61894              0              0              0              0              0              0             -2              0              0              0              0              0              0         2.9817              0              0              0              0              0              0             -6              0              0              0              0              0              0        23.3614              0              0              0        2.34315             -4        13.6569            -68        13.6569             -4        2.34315              0              0              0        36.0379              0              0              0  |             17
             0              0              0              0        1.61894              0              0              0              0              0              0             -2              0              0              0              0              0              0         2.9817              0              0              0              0              0              0             -6              0              0              0              0              0              0        23.3614              0              0       -1.51472        2.09541             -4        14.8284       -71.9756        17.6203             -6              0              0              0              0        36.0379              0              0  |        11.0452
             0              0              0              0              0        1.61894              0              0              0              0              0              0             -2              0              0              0              0              0              0         2.9817              0              0              0              0              0              0             -6              0              0              0              0              0              0        23.3614              0        1.61894             -2         2.9817             -6        23.3614            -92        36.0379              0              0              0              0              0        36.0379              0  |             34
             0              0              0              0              0              0        1.61894              0              0              0              0              0              0             -2              0              0              0              0              0              0         2.9817              0              0              0              0              0              0             -6              0              0              0              0              0              0        23.3614             -4        4.61984             -6        9.17157       -18.4853        71.6644       -236.024              0              0              0              0              0              0        36.0379  |       -177.045
            -4              0              0              0              0              0              0        4.61984              0              0              0              0              0              0             -6              0              0              0              0              0              0        9.17157              0              0              0              0              0              0       -18.4853              0              0              0              0              0              0        71.6644              0              0              0              0              0              0       -380.049        71.6644       -18.4853        9.17157             -6        4.61984             -4  |       -489.245
             0             -4              0              0              0              0              0              0        4.61984              0              0              0              0              0              0             -6              0              0              0              0              0              0        9.17157              0              0              0              0              0              0       -18.4853              0              0              0              0              0              0        71.6644              0              0              0              0              0        36.0379       -236.024        23.3614             -6         2.9817             -2        1.61894  |       -177.045
             0              0             -4              0              0              0              0              0              0        4.61984              0              0              0              0              0              0             -6              0              0              0              0              0              0        9.17157              0              0              0              0              0              0       -18.4853              0              0              0              0              0              0        71.6644              0              0              0              0             -6        17.6203           -216        14.8284             -4        2.09541       -1.51472  |           -154
             0              0              0             -4              0              0              0              0              0              0        4.61984              0              0              0              0              0              0             -6              0              0              0              0              0              0        9.17157              0              0              0              0              0              0       -18.4853              0              0              0              0              0              0        71.6644              0              0              0        2.34315             -4        13.6569       -212.024        13.6569             -4        2.34315  |       -125.347
             0              0              0              0             -4              0              0              0              0              0              0        4.61984              0              0              0              0              0              0             -6              0              0              0              0              0              0        9.17157              0              0              0              0              0              0       -18.4853              0              0              0              0              0              0        71.6644              0              0       -1.51472        2.09541             -4        14.8284           -216        17.6203             -6  |           -154
             0              0              0              0              0             -4              0              0              0              0              0              0        4.61984              0              0              0              0              0              0             -6              0              0              0              0              0              0        9.17157              0              0              0              0              0              0       -18.4853              0              0              0              0              0              0        71.6644              0        1.61894             -2         2.9817             -6        23.3614       -236.024        36.0379  |       -177.045
             0              0              0              0              0              0             -4              0              0              0              0              0              0        4.61984              0              0              0              0              0              0             -6              0              0              0              0              0              0        9.17157              0              0              0              0              0              0       -18.4853              0              0              0              0              0              0        71.6644             -4        4.61984             -6        9.17157       -18.4853        71.6644       -380.049  |       -489.244

Solution:
x1 = 1.7071071393
x2 = 1.3535539477
x3 = 1.0000005318
x4 = 0.8535533339
x5 = 0.9999989668
x6 = 1.3535518693
x7 = 1.7071061060
x8 = 1.3535539477
x9 = 1.0000004217
x10 = 0.6464468717
x11 = 0.4999998593
x12 = 0.6464459872
x13 = 0.9999994569
x14 = 1.3535536306
x15 = 1.0000005318
x16 = 0.6464468717
x17 = 0.2928932634
x18 = 0.1464464206
x19 = 0.2928928973
x20 = 0.6464465414
x21 = 1.0000004526
x22 = 0.8535533339
x23 = 0.4999998593
x24 = 0.1464464206
x25 = -0.0000002956
x26 = 0.1464462141
x27 = 0.4999996674
x28 = 0.8535532630
x29 = 0.9999989668
x30 = 0.6464459872
x31 = 0.2928928973
x32 = 0.1464462141
x33 = 0.2928925353
x34 = 0.6464456634
x35 = 0.9999988898
x36 = 1.3535518693
x37 = 0.9999994569
x38 = 0.6464465414
x39 = 0.4999996674
x40 = 0.6464456634
x41 = 0.9999985108
x42 = 1.3535515578
x43 = 1.7071061060
x44 = 1.3535536306
x45 = 1.0000004526
x46 = 0.8535532630
x47 = 0.9999988898
x48 = 1.3535515578
x49 = 1.7071050745

Gaussian Elimination WITH Pivoting

Augmented Matrix:
-380.0487700000  71.6644310000 -18.4852810000   9.1715729000  -6.0000000000   4.6198401000  -4.0000000000  71.6644310000   0.0000000000   0.0000000000   0.0000000000   0.0000000000   0.0000000000   0.0000000000 -18.4852810000   0.0000000000   0.0000000000   0.0000000000   0.0000000000   0.0000000000   0.0000000000   9.1715729000   0.0000000000   0.0000000000   0.0000000000   0.0000000000   0.0000000000   0.0000000000  -6.0000000000   0.0000000000   0.0000000000   0.0000000000   0.0000000000   0.0000000000   0.0000000000   4.6198401000   0.0000000000   0.0000000000   0.0000000000   0.0000000000   0.0000000000   0.0000000000  -4.0000000000   0.0000000000   0.0000000000   0.0000000000   0.0000000000   0.0000000000   0.0000000000  | -489.2448000000
 36.0379160000 -236.0243900000  23.3614440000  -6.0000000000   2.9817015000  -2.0000000000   1.6189378000   0.0000000000  71.6644310000   0.0000000000   0.0000000000   0.0000000000   0.0000000000   0.0000000000   0.0000000000 -18.4852810000   0.0000000000   0.0000000000   0.0000000000   0.0000000000   0.0000000000   0.0000000000   9.1715729000   0.0000000000   0.0000000000   0.0000000000   0.0000000000   0.0000000000   0.0000000000  -6.0000000000   0.0000000000   0.0000000000   0.0000000000   0.0000000000   0.0000000000   0.0000000000   4.6198401000   0.0000000000   0.0000000000   0.0000000000   0.0000000000   0.0000000000   0.0000000000  -4.0000000000   0.0000000000   0.0000000000   0.0000000000   0.0000000000   0.0000000000  | -177.0452900000
 -6.0000000000  17.6203190000 -216.0000000000  14.8284270000  -4.0000000000   2.0954098000  -1.5147186000   0.0000000000   0.0000000000  71.6644310000   0.0000000000   0.0000000000   0.0000000000   0.0000000000   0.0000000000   0.0000000000 -18.4852810000   0.0000000000   0.0000000000   0.0000000000   0.0000000000   0.0000000000   0.0000000000   9.1715729000   0.0000000000   0.0000000000   0.0000000000   0.0000000000   0.0000000000   0.0000000000  -6.0000000000   0.0000000000   0.0000000000   0.0000000000   0.0000000000   0.0000000000   0.0000000000   4.6198401000   0.0000000000   0.0000000000   0.0000000000   0.0000000000   0.0000000000   0.0000000000  -4.0000000000   0.0000000000   0.0000000000   0.0000000000   0.0000000000  | -154.0000900000
  2.3431458000  -4.0000000000  13.6568540000 -212.0243900000  13.6568540000  -4.0000000000   2.3431458000   0.0000000000   0.0000000000   0.0000000000  71.6644310000   0.0000000000   0.0000000000   0.0000000000   0.0000000000   0.0000000000   0.0000000000 -18.4852810000   0.0000000000   0.0000000000   0.0000000000   0.0000000000   0.0000000000   0.0000000000   9.1715729000   0.0000000000   0.0000000000   0.0000000000   0.0000000000   0.0000000000   0.0000000000  -6.0000000000   0.0000000000   0.0000000000   0.0000000000   0.0000000000   0.0000000000   0.0000000000   4.6198401000   0.0000000000   0.0000000000   0.0000000000   0.0000000000   0.0000000000   0.0000000000  -4.0000000000   0.0000000000   0.0000000000   0.0000000000  | -125.3467200000
 -1.5147186000   2.0954098000  -4.0000000000  14.8284270000 -216.0000000000  17.6203190000  -6.0000000000   0.0000000000   0.0000000000   0.0000000000   0.0000000000  71.6644310000   0.0000000000   0.0000000000   0.0000000000   0.0000000000   0.0000000000   0.0000000000 -18.4852810000   0.0000000000   0.0000000000   0.0000000000   0.0000000000   0.0000000000   0.0000000000   9.1715729000   0.0000000000   0.0000000000   0.0000000000   0.0000000000   0.0000000000   0.0000000000  -6.0000000000   0.0000000000   0.0000000000   0.0000000000   0.0000000000   0.0000000000   0.0000000000   4.6198401000   0.0000000000   0.0000000000   0.0000000000   0.0000000000   0.0000000000   0.0000000000  -4.0000000000   0.0000000000   0.0000000000  | -153.9998400000
  1.6189378000  -2.0000000000   2.9817015000  -6.0000000000  23.3614440000 -236.0243900000  36.0379160000   0.0000000000   0.0000000000   0.0000000000   0.0000000000   0.0000000000  71.6644310000   0.0000000000   0.0000000000   0.0000000000   0.0000000000   0.0000000000   0.0000000000 -18.4852810000   0.0000000000   0.0000000000   0.0000000000   0.0000000000   0.0000000000   0.0000000000   9.1715729000   0.0000000000   0.0000000000   0.0000000000   0.0000000000   0.0000000000   0.0000000000  -6.0000000000   0.0000000000   0.0000000000   0.0000000000   0.0000000000   0.0000000000   0.0000000000   4.6198401000   0.0000000000   0.0000000000   0.0000000000   0.0000000000   0.0000000000   0.0000000000  -4.0000000000   0.0000000000  | -177.0449300000
 -4.0000000000   4.6198401000  -6.0000000000   9.1715729000 -18.4852810000  71.6644310000 -380.0487700000   0.0000000000   0.0000000000   0.0000000000   0.0000000000   0.0000000000   0.0000000000  71.6644310000   0.0000000000   0.0000000000   0.0000000000   0.0000000000   0.0000000000   0.0000000000 -18.4852810000   0.0000000000   0.0000000000   0.0000000000   0.0000000000   0.0000000000   0.0000000000   9.1715729000   0.0000000000   0.0000000000   0.0000000000   0.0000000000   0.0000000000   0.0000000000  -6.0000000000   0.0000000000   0.0000000000   0.0000000000   0.0000000000   0.0000000000   0.0000000000   4.6198401000   0.0000000000   0.0000000000   0.0000000000   0.0000000000   0.0000000000   0.0000000000  -4.0000000000  | -489.2445500000
 36.0379160000   0.0000000000   0.0000000000   0.0000000000   0.0000000000   0.0000000000   0.0000000000 -236.0243900000  71.6644310000 -18.4852810000   9.1715729000  -6.0000000000   4.6198401000  -4.0000000000  23.3614440000   0.0000000000   0.0000000000   0.0000000000   0.0000000000   0.0000000000   0.0000000000  -6.0000000000   0.0000000000   0.0000000000   0.0000000000   0.0000000000   0.0000000000   0.0000000000   2.9817015000   0.0000000000   0.0000000000   0.0000000000   0.0000000000   0.0000000000   0.0000000000  -2.0000000000   0.0000000000   0.0000000000   0.0000000000   0.0000000000   0.0000000000   0.0000000000   1.6189378000   0.0000000000   0.0000000000   0.0000000000   0.0000000000   0.0000000000   0.0000000000  | -177.0452900000
  0.0000000000  36.0379160000   0.0000000000   0.0000000000   0.0000000000   0.0000000000   0.0000000000  36.0379160000 -92.0000000000  23.3614440000  -6.0000000000   2.9817015000  -2.0000000000   1.6189378000   0.0000000000  23.3614440000   0.0000000000   0.0000000000   0.0000000000   0.0000000000   0.0000000000   0.0000000000  -6.0000000000   0.0000000000   0.0000000000   0.0000000000   0.0000000000   0.0000000000   0.0000000000   2.9817015000   0.0000000000   0.0000000000   0.0000000000   0.0000000000   0.0000000000   0.0000000000  -2.0000000000   0.0000000000   0.0000000000   0.0000000000   0.0000000000   0.0000000000   0.0000000000   1.6189378000   0.0000000000   0.0000000000   0.0000000000   0.0000000000   0.0000000000  |  34.0000130000
  0.0000000000   0.0000000000  36.0379160000   0.0000000000   0.0000000000   0.0000000000   0.0000000000  -6.0000000000  17.6203190000 -71.9756130000  14.8284270000  -4.0000000000   2.0954098000  -1.5147186000   0.0000000000   0.0000000000  23.3614440000   0.0000000000   0.0000000000   0.0000000000   0.0000000000   0.0000000000   0.0000000000  -6.0000000000   0.0000000000   0.0000000000   0.0000000000   0.0000000000   0.0000000000   0.0000000000   2.9817015000   0.0000000000   0.0000000000   0.0000000000   0.0000000000   0.0000000000   0.0000000000  -2.0000000000   0.0000000000   0.0000000000   0.0000000000   0.0000000000   0.0000000000   0.0000000000   1.6189378000   0.0000000000   0.0000000000   0.0000000000   0.0000000000  |  11.0452070000
  0.0000000000   0.0000000000   0.0000000000  36.0379160000   0.0000000000   0.0000000000   0.0000000000   2.3431458000  -4.0000000000  13.6568540000 -68.0000000000  13.6568540000  -4.0000000000   2.3431458000   0.0000000000   0.0000000000   0.0000000000  23.3614440000   0.0000000000   0.0000000000   0.0000000000   0.0000000000   0.0000000000   0.0000000000  -6.0000000000   0.0000000000   0.0000000000   0.0000000000   0.0000000000   0.0000000000   0.0000000000   2.9817015000   0.0000000000   0.0000000000   0.0000000000   0.0000000000   0.0000000000   0.0000000000  -2.0000000000   0.0000000000   0.0000000000   0.0000000000   0.0000000000   0.0000000000   0.0000000000   1.6189378000   0.0000000000   0.0000000000   0.0000000000  |  17.0000010000
  0.0000000000   0.0000000000   0.0000000000   0.0000000000  36.0379160000   0.0000000000   0.0000000000  -1.5147186000   2.0954098000  -4.0000000000  14.8284270000 -71.9756130000  17.6203190000  -6.0000000000   0.0000000000   0.0000000000   0.0000000000   0.0000000000  23.3614440000   0.0000000000   0.0000000000   0.0000000000   0.0000000000   0.0000000000   0.0000000000  -6.0000000000   0.0000000000   0.0000000000   0.0000000000   0.0000000000   0.0000000000   0.0000000000   2.9817015000   0.0000000000   0.0000000000   0.0000000000   0.0000000000   0.0000000000   0.0000000000  -2.0000000000   0.0000000000   0.0000000000   0.0000000000   0.0000000000   0.0000000000   0.0000000000   1.6189378000   0.0000000000   0.0000000000  |  11.0451880000
  0.0000000000   0.0000000000   0.0000000000   0.0000000000   0.0000000000  36.0379160000   0.0000000000   1.6189378000  -2.0000000000   2.9817015000  -6.0000000000  23.3614440000 -92.0000000000  36.0379160000   0.0000000000   0.0000000000   0.0000000000   0.0000000000   0.0000000000  23.3614440000   0.0000000000   0.0000000000   0.0000000000   0.0000000000   0.0000000000   0.0000000000  -6.0000000000   0.0000000000   0.0000000000   0.0000000000   0.0000000000   0.0000000000   0.0000000000   2.9817015000   0.0000000000   0.0000000000   0.0000000000   0.0000000000   0.0000000000   0.0000000000  -2.0000000000   0.0000000000   0.0000000000   0.0000000000   0.0000000000   0.0000000000   0.0000000000   1.6189378000   0.0000000000  |  33.9999870000
  0.0000000000   0.0000000000   0.0000000000   0.0000000000   0.0000000000   0.0000000000  36.0379160000  -4.0000000000   4.6198401000  -6.0000000000   9.1715729000 -18.4852810000  71.6644310000 -236.0243900000   0.0000000000   0.0000000000   0.0000000000   0.0000000000   0.0000000000   0.0000000000  23.3614440000   0.0000000000   0.0000000000   0.0000000000   0.0000000000   0.0000000000   0.0000000000  -6.0000000000   0.0000000000   0.0000000000   0.0000000000   0.0000000000   0.0000000000   0.0000000000   2.9817015000   0.0000000000   0.0000000000   0.0000000000   0.0000000000   0.0000000000   0.0000000000  -2.0000000000   0.0000000000   0.0000000000   0.0000000000   0.0000000000   0.0000000000   0.0000000000   1.6189378000  | -177.0453100000
 -6.0000000000   0.0000000000   0.0000000000   0.0000000000   0.0000000000   0.0000000000   0.0000000000  17.6203190000   0.0000000000   0.0000000000   0.0000000000   0.0000000000   0.0000000000   0.0000000000 -216.0000000000  71.6644310000 -18.4852810000   9.1715729000  -6.0000000000   4.6198401000  -4.0000000000  14.8284270000   0.0000000000   0.0000000000   0.0000000000   0.0000000000   0.0000000000   0.0000000000  -4.0000000000   0.0000000000   0.0000000000   0.0000000000   0.0000000000   0.0000000000   0.0000000000   2.0954098000   0.0000000000   0.0000000000   0.0000000000   0.0000000000   0.0000000000   0.0000000000  -1.5147186000   0.0000000000   0.0000000000   0.0000000000   0.0000000000   0.0000000000   0.0000000000  | -154.0000900000
  0.0000000000  -6.0000000000   0.0000000000   0.0000000000   0.0000000000   0.0000000000   0.0000000000   0.0000000000  17.6203190000   0.0000000000   0.0000000000   0.0000000000   0.0000000000   0.0000000000  36.0379160000 -71.9756130000  23.3614440000  -6.0000000000   2.9817015000  -2.0000000000   1.6189378000   0.0000000000  14.8284270000   0.0000000000   0.0000000000   0.0000000000   0.0000000000   0.0000000000   0.0000000000  -4.0000000000   0.0000000000   0.0000000000   0.0000000000   0.0000000000   0.0000000000   0.0000000000   2.0954098000   0.0000000000   0.0000000000   0.0000000000   0.0000000000   0.0000000000   0.0000000000  -1.5147186000   0.0000000000   0.0000000000   0.0000000000   0.0000000000   0.0000000000  |  11.0452070000
  0.0000000000   0.0000000000  -6.0000000000   0.0000000000   0.0000000000   0.0000000000   0.0000000000   0.0000000000   0.0000000000  17.6203190000   0.0000000000   0.0000000000   0.0000000000   0.0000000000  -6.0000000000  17.6203190000 -51.9512270000  14.8284270000  -4.0000000000   2.0954098000  -1.5147186000   0.0000000000   0.0000000000  14.8284270000   0.0000000000   0.0000000000   0.0000000000   0.0000000000   0.0000000000   0.0000000000  -4.0000000000   0.0000000000   0.0000000000   0.0000000000   0.0000000000   0.0000000000   0.0000000000   2.0954098000   0.0000000000   0.0000000000   0.0000000000   0.0000000000   0.0000000000   0.0000000000  -1.5147186000   0.0000000000   0.0000000000   0.0000000000   0.0000000000  |  -2.7552714000
  0.0000000000   0.0000000000   0.0000000000  -6.0000000000   0.0000000000   0.0000000000   0.0000000000   0.0000000000   0.0000000000   0.0000000000  17.6203190000   0.0000000000   0.0000000000   0.0000000000   2.3431458000  -4.0000000000  13.6568540000 -47.9756130000  13.6568540000  -4.0000000000   2.3431458000   0.0000000000   0.0000000000   0.0000000000  14.8284270000   0.0000000000   0.0000000000   0.0000000000   0.0000000000   0.0000000000   0.0000000000  -4.0000000000   0.0000000000   0.0000000000   0.0000000000   0.0000000000   0.0000000000   0.0000000000   2.0954098000   0.0000000000   0.0000000000   0.0000000000   0.0000000000   0.0000000000   0.0000000000  -1.5147186000   0.0000000000   0.0000000000   0.0000000000  |   3.3467185000
  0.0000000000   0.0000000000   0.0000000000   0.0000000000  -6.0000000000   0.0000000000   0.0000000000   0.0000000000   0.0000000000   0.0000000000   0.0000000000  17.6203190000   0.0000000000   0.0000000000  -1.5147186000   2.0954098000  -4.0000000000  14.8284270000 -51.9512270000  17.6203190000  -6.0000000000   0.0000000000   0.0000000000   0.0000000000   0.0000000000  14.8284270000   0.0000000000   0.0000000000   0.0000000000   0.0000000000   0.0000000000   0.0000000000  -4.0000000000   0.0000000000   0.0000000000   0.0000000000   0.0000000000   0.0000000000   0.0000000000   2.0954098000   0.0000000000   0.0000000000   0.0000000000   0.0000000000   0.0000000000   0.0000000000  -1.5147186000   0.0000000000   0.0000000000  |  -2.7552659000
  0.0000000000   0.0000000000   0.0000000000   0.0000000000   0.0000000000  -6.0000000000   0.0000000000   0.0000000000   0.0000000000   0.0000000000   0.0000000000   0.0000000000  17.6203190000   0.0000000000   1.6189378000  -2.0000000000   2.9817015000  -6.0000000000  23.3614440000 -71.9756130000  36.0379160000   0.0000000000   0.0000000000   0.0000000000   0.0000000000   0.0000000000  14.8284270000   0.0000000000   0.0000000000   0.0000000000   0.0000000000   0.0000000000   0.0000000000  -4.0000000000   0.0000000000   0.0000000000   0.0000000000   0.0000000000   0.0000000000   0.0000000000   2.0954098000   0.0000000000   0.0000000000   0.0000000000   0.0000000000   0.0000000000   0.0000000000  -1.5147186000   0.0000000000  |  11.0452150000
  0.0000000000   0.0000000000   0.0000000000   0.0000000000   0.0000000000   0.0000000000  -6.0000000000   0.0000000000   0.0000000000   0.0000000000   0.0000000000   0.0000000000   0.0000000000  17.6203190000  -4.0000000000   4.6198401000  -6.0000000000   9.1715729000 -18.4852810000  71.6644310000 -216.0000000000   0.0000000000   0.0000000000   0.0000000000   0.0000000000   0.0000000000   0.0000000000  14.8284270000   0.0000000000   0.0000000000   0.0000000000   0.0000000000   0.0000000000   0.0000000000  -4.0000000000   0.0000000000   0.0000000000   0.0000000000   0.0000000000   0.0000000000   0.0000000000   2.0954098000   0.0000000000   0.0000000000   0.0000000000   0.0000000000   0.0000000000   0.0000000000  -1.5147186000  | -154.0000900000
  2.3431458000   0.0000000000   0.0000000000   0.0000000000   0.0000000000   0.0000000000   0.0000000000  -4.0000000000   0.0000000000   0.0000000000   0.0000000000   0.0000000000   0.0000000000   0.0000000000  13.6568540000   0.0000000000   0.0000000000   0.0000000000   0.0000000000   0.0000000000   0.0000000000 -212.0243900000  71.6644310000 -18.4852810000   9.1715729000  -6.0000000000   4.6198401000  -4.0000000000  13.6568540000   0.0000000000   0.0000000000   0.0000000000   0.0000000000   0.0000000000   0.0000000000  -4.0000000000   0.0000000000   0.0000000000   0.0000000000   0.0000000000   0.0000000000   0.0000000000   2.3431458000   0.0000000000   0.0000000000   0.0000000000   0.0000000000   0.0000000000   0.0000000000  | -125.3467200000
  0.0000000000   2.3431458000   0.0000000000   0.0000000000   0.0000000000   0.0000000000   0.0000000000   0.0000000000  -4.0000000000   0.0000000000   0.0000000000   0.0000000000   0.0000000000   0.0000000000   0.0000000000  13.6568540000   0.0000000000   0.0000000000   0.0000000000   0.0000000000   0.0000000000  36.0379160000 -68.0000000000  23.3614440000  -6.0000000000   2.9817015000  -2.0000000000   1.6189378000   0.0000000000  13.6568540000   0.0000000000   0.0000000000   0.0000000000   0.0000000000   0.0000000000   0.0000000000  -4.0000000000   0.0000000000   0.0000000000   0.0000000000   0.0000000000   0.0000000000   0.0000000000   2.3431458000   0.0000000000   0.0000000000   0.0000000000   0.0000000000   0.0000000000  |  17.0000010000
  0.0000000000   0.0000000000   2.3431458000   0.0000000000   0.0000000000   0.0000000000   0.0000000000   0.0000000000   0.0000000000  -4.0000000000   0.0000000000   0.0000000000   0.0000000000   0.0000000000   0.0000000000   0.0000000000  13.6568540000   0.0000000000   0.0000000000   0.0000000000   0.0000000000  -6.0000000000  17.6203190000 -47.9756130000  14.8284270000  -4.0000000000   2.0954098000  -1.5147186000   0.0000000000   0.0000000000  13.6568540000   0.0000000000   0.0000000000   0.0000000000   0.0000000000   0.0000000000   0.0000000000  -4.0000000000   0.0000000000   0.0000000000   0.0000000000   0.0000000000   0.0000000000   0.0000000000   2.3431458000   0.0000000000   0.0000000000   0.0000000000   0.0000000000  |   3.3467185000
  0.0000000000   0.0000000000   0.0000000000   2.3431458000   0.0000000000   0.0000000000   0.0000000000   0.0000000000   0.0000000000   0.0000000000  -4.0000000000   0.0000000000   0.0000000000   0.0000000000   0.0000000000   0.0000000000   0.0000000000  13.6568540000   0.0000000000   0.0000000000   0.0000000000   2.3431458000  -4.0000000000  13.6568540000 -44.0000000000  13.6568540000  -4.0000000000   2.3431458000   0.0000000000   0.0000000000   0.0000000000  13.6568540000   0.0000000000   0.0000000000   0.0000000000   0.0000000000   0.0000000000   0.0000000000  -4.0000000000   0.0000000000   0.0000000000   0.0000000000   0.0000000000   0.0000000000   0.0000000000   2.3431458000   0.0000000000   0.0000000000   0.0000000000  |   8.0000000000
  0.0000000000   0.0000000000   0.0000000000   0.0000000000   2.3431458000   0.0000000000   0.0000000000   0.0000000000   0.0000000000   0.0000000000   0.0000000000  -4.0000000000   0.0000000000   0.0000000000   0.0000000000   0.0000000000   0.0000000000   0.0000000000  13.6568540000   0.0000000000   0.0000000000  -1.5147186000   2.0954098000  -4.0000000000  14.8284270000 -47.9756130000  17.6203190000  -6.0000000000   0.0000000000   0.0000000000   0.0000000000   0.0000000000  13.6568540000   0.0000000000   0.0000000000   0.0000000000   0.0000000000   0.0000000000   0.0000000000  -4.0000000000   0.0000000000   0.0000000000   0.0000000000   0.0000000000   0.0000000000   0.0000000000   2.3431458000   0.0000000000   0.0000000000  |   3.3467147000
  0.0000000000   0.0000000000   0.0000000000   0.0000000000   0.0000000000   2.3431458000   0.0000000000   0.0000000000   0.0000000000   0.0000000000   0.0000000000   0.0000000000  -4.0000000000   0.0000000000   0.0000000000   0.0000000000   0.0000000000   0.0000000000   0.0000000000  13.6568540000   0.0000000000   1.6189378000  -2.0000000000   2.9817015000  -6.0000000000  23.3614440000 -68.0000000000  36.0379160000   0.0000000000   0.0000000000   0.0000000000   0.0000000000   0.0000000000  13.6568540000   0.0000000000   0.0000000000   0.0000000000   0.0000000000   0.0000000000   0.0000000000  -4.0000000000   0.0000000000   0.0000000000   0.0000000000   0.0000000000   0.0000000000   0.0000000000   2.3431458000   0.0000000000  |  16.9999960000
  0.0000000000   0.0000000000   0.0000000000   0.0000000000   0.0000000000   0.0000000000   2.3431458000   0.0000000000   0.0000000000   0.0000000000   0.0000000000   0.0000000000   0.0000000000  -4.0000000000   0.0000000000   0.0000000000   0.0000000000   0.0000000000   0.0000000000   0.0000000000  13.6568540000  -4.0000000000   4.6198401000  -6.0000000000   9.1715729000 -18.4852810000  71.6644310000 -212.0243900000   0.0000000000   0.0000000000   0.0000000000   0.0000000000   0.0000000000   0.0000000000  13.6568540000   0.0000000000   0.0000000000   0.0000000000   0.0000000000   0.0000000000   0.0000000000  -4.0000000000   0.0000000000   0.0000000000   0.0000000000   0.0000000000   0.0000000000   0.0000000000   2.3431458000  | -125.3467200000
 -1.5147186000   0.0000000000   0.0000000000   0.0000000000   0.0000000000   0.0000000000   0.0000000000   2.0954098000   0.0000000000   0.0000000000   0.0000000000   0.0000000000   0.0000000000   0.0000000000  -4.0000000000   0.0000000000   0.0000000000   0.0000000000   0.0000000000   0.0000000000   0.0000000000  14.8284270000   0.0000000000   0.0000000000   0.0000000000   0.0000000000   0.0000000000   0.0000000000 -216.0000000000  71.6644310000 -18.4852810000   9.1715729000  -6.0000000000   4.6198401000  -4.0000000000  17.6203190000   0.0000000000   0.0000000000   0.0000000000   0.0000000000   0.0000000000   0.0000000000  -6.0000000000   0.0000000000   0.0000000000   0.0000000000   0.0000000000   0.0000000000   0.0000000000  | -153.9998400000
  0.0000000000  -1.5147186000   0.0000000000   0.0000000000   0.0000000000   0.0000000000   0.0000000000   0.0000000000   2.0954098000   0.0000000000   0.0000000000   0.0000000000   0.0000000000   0.0000000000   0.0000000000  -4.0000000000   0.0000000000   0.0000000000   0.0000000000   0.0000000000   0.0000000000   0.0000000000  14.8284270000   0.0000000000   0.0000000000   0.0000000000   0.0000000000   0.0000000000  36.0379160000 -71.9756130000  23.3614440000  -6.0000000000   2.9817015000  -2.0000000000   1.6189378000   0.0000000000  17.6203190000   0.0000000000   0.0000000000   0.0000000000   0.0000000000   0.0000000000   0.0000000000  -6.0000000000   0.0000000000   0.0000000000   0.0000000000   0.0000000000   0.0000000000  |  11.0451880000
  0.0000000000   0.0000000000  -1.5147186000   0.0000000000   0.0000000000   0.0000000000   0.0000000000   0.0000000000   0.0000000000   2.0954098000   0.0000000000   0.0000000000   0.0000000000   0.0000000000   0.0000000000   0.0000000000  -4.0000000000   0.0000000000   0.0000000000   0.0000000000   0.0000000000   0.0000000000   0.0000000000  14.8284270000   0.0000000000   0.0000000000   0.0000000000   0.0000000000  -6.0000000000  17.6203190000 -51.9512270000  14.8284270000  -4.0000000000   2.0954098000  -1.5147186000   0.0000000000   0.0000000000  17.6203190000   0.0000000000   0.0000000000   0.0000000000   0.0000000000   0.0000000000   0.0000000000  -6.0000000000   0.0000000000   0.0000000000   0.0000000000   0.0000000000  |  -2.7552659000
  0.0000000000   0.0000000000   0.0000000000  -1.5147186000   0.0000000000   0.0000000000   0.0000000000   0.0000000000   0.0000000000   0.0000000000   2.0954098000   0.0000000000   0.0000000000   0.0000000000   0.0000000000   0.0000000000   0.0000000000  -4.0000000000   0.0000000000   0.0000000000   0.0000000000   0.0000000000   0.0000000000   0.0000000000  14.8284270000   0.0000000000   0.0000000000   0.0000000000   2.3431458000  -4.0000000000  13.6568540000 -47.9756130000  13.6568540000  -4.0000000000   2.3431458000   0.0000000000   0.0000000000   0.0000000000  17.6203190000   0.0000000000   0.0000000000   0.0000000000   0.0000000000   0.0000000000   0.0000000000  -6.0000000000   0.0000000000   0.0000000000   0.0000000000  |   3.3467147000
  0.0000000000   0.0000000000   0.0000000000   0.0000000000  -1.5147186000   0.0000000000   0.0000000000   0.0000000000   0.0000000000   0.0000000000   0.0000000000   2.0954098000   0.0000000000   0.0000000000   0.0000000000   0.0000000000   0.0000000000   0.0000000000  -4.0000000000   0.0000000000   0.0000000000   0.0000000000   0.0000000000   0.0000000000   0.0000000000  14.8284270000   0.0000000000   0.0000000000  -1.5147186000   2.0954098000  -4.0000000000  14.8284270000 -51.9512270000  17.6203190000  -6.0000000000   0.0000000000   0.0000000000   0.0000000000   0.0000000000  17.6203190000   0.0000000000   0.0000000000   0.0000000000   0.0000000000   0.0000000000   0.0000000000  -6.0000000000   0.0000000000   0.0000000000  |  -2.7552604000
  0.0000000000   0.0000000000   0.0000000000   0.0000000000   0.0000000000  -1.5147186000   0.0000000000   0.0000000000   0.0000000000   0.0000000000   0.0000000000   0.0000000000   2.0954098000   0.0000000000   0.0000000000   0.0000000000   0.0000000000   0.0000000000   0.0000000000  -4.0000000000   0.0000000000   0.0000000000   0.0000000000   0.0000000000   0.0000000000   0.0000000000  14.8284270000   0.0000000000   1.6189378000  -2.0000000000   2.9817015000  -6.0000000000  23.3614440000 -71.9756130000  36.0379160000   0.0000000000   0.0000000000   0.0000000000   0.0000000000   0.0000000000  17.6203190000   0.0000000000   0.0000000000   0.0000000000   0.0000000000   0.0000000000   0.0000000000  -6.0000000000   0.0000000000  |  11.0451960000
  0.0000000000   0.0000000000   0.0000000000   0.0000000000   0.0000000000   0.0000000000  -1.5147186000   0.0000000000   0.0000000000   0.0000000000   0.0000000000   0.0000000000   0.0000000000   2.0954098000   0.0000000000   0.0000000000   0.0000000000   0.0000000000   0.0000000000   0.0000000000  -4.0000000000   0.0000000000   0.0000000000   0.0000000000   0.0000000000   0.0000000000   0.0000000000  14.8284270000  -4.0000000000   4.6198401000  -6.0000000000   9.1715729000 -18.4852810000  71.6644310000 -216.0000000000   0.0000000000   0.0000000000   0.0000000000   0.0000000000   0.0000000000   0.0000000000  17.6203190000   0.0000000000   0.0000000000   0.0000000000   0.0000000000   0.0000000000   0.0000000000  -6.0000000000  | -153.9998400000
  1.6189378000   0.0000000000   0.0000000000   0.0000000000   0.0000000000   0.0000000000   0.0000000000  -2.0000000000   0.0000000000   0.0000000000   0.0000000000   0.0000000000   0.0000000000   0.0000000000   2.9817015000   0.0000000000   0.0000000000   0.0000000000   0.0000000000   0.0000000000   0.0000000000  -6.0000000000   0.0000000000   0.0000000000   0.0000000000   0.0000000000   0.0000000000   0.0000000000  23.3614440000   0.0000000000   0.0000000000   0.0000000000   0.0000000000   0.0000000000   0.0000000000 -236.0243900000  71.6644310000 -18.4852810000   9.1715729000  -6.0000000000   4.6198401000  -4.0000000000  36.0379160000   0.0000000000   0.0000000000   0.0000000000   0.0000000000   0.0000000000   0.0000000000  | -177.0449300000
  0.0000000000   1.6189378000   0.0000000000   0.0000000000   0.0000000000   0.0000000000   0.0000000000   0.0000000000  -2.0000000000   0.0000000000   0.0000000000   0.0000000000   0.0000000000   0.0000000000   0.0000000000   2.9817015000   0.0000000000   0.0000000000   0.0000000000   0.0000000000   0.0000000000   0.0000000000  -6.0000000000   0.0000000000   0.0000000000   0.0000000000   0.0000000000   0.0000000000   0.0000000000  23.3614440000   0.0000000000   0.0000000000   0.0000000000   0.0000000000   0.0000000000  36.0379160000 -92.0000000000  23.3614440000  -6.0000000000   2.9817015000  -2.0000000000   1.6189378000   0.0000000000  36.0379160000   0.0000000000   0.0000000000   0.0000000000   0.0000000000   0.0000000000  |  33.9999870000
  0.0000000000   0.0000000000   1.6189378000   0.0000000000   0.0000000000   0.0000000000   0.0000000000   0.0000000000   0.0000000000  -2.0000000000   0.0000000000   0.0000000000   0.0000000000   0.0000000000   0.0000000000   0.0000000000   2.9817015000   0.0000000000   0.0000000000   0.0000000000   0.0000000000   0.0000000000   0.0000000000  -6.0000000000   0.0000000000   0.0000000000   0.0000000000   0.0000000000   0.0000000000   0.0000000000  23.3614440000   0.0000000000   0.0000000000   0.0000000000   0.0000000000  -6.0000000000  17.6203190000 -71.9756130000  14.8284270000  -4.0000000000   2.0954098000  -1.5147186000   0.0000000000   0.0000000000  36.0379160000   0.0000000000   0.0000000000   0.0000000000   0.0000000000  |  11.0452150000
  0.0000000000   0.0000000000   0.0000000000   1.6189378000   0.0000000000   0.0000000000   0.0000000000   0.0000000000   0.0000000000   0.0000000000  -2.0000000000   0.0000000000   0.0000000000   0.0000000000   0.0000000000   0.0000000000   0.0000000000   2.9817015000   0.0000000000   0.0000000000   0.0000000000   0.0000000000   0.0000000000   0.0000000000  -6.0000000000   0.0000000000   0.0000000000   0.0000000000   0.0000000000   0.0000000000   0.0000000000  23.3614440000   0.0000000000   0.0000000000   0.0000000000   2.3431458000  -4.0000000000  13.6568540000 -68.0000000000  13.6568540000  -4.0000000000   2.3431458000   0.0000000000   0.0000000000   0.0000000000  36.0379160000   0.0000000000   0.0000000000   0.0000000000  |  16.9999960000
  0.0000000000   0.0000000000   0.0000000000   0.0000000000   1.6189378000   0.0000000000   0.0000000000   0.0000000000   0.0000000000   0.0000000000   0.0000000000  -2.0000000000   0.0000000000   0.0000000000   0.0000000000   0.0000000000   0.0000000000   0.0000000000   2.9817015000   0.0000000000   0.0000000000   0.0000000000   0.0000000000   0.0000000000   0.0000000000  -6.0000000000   0.0000000000   0.0000000000   0.0000000000   0.0000000000   0.0000000000   0.0000000000  23.3614440000   0.0000000000   0.0000000000  -1.5147186000   2.0954098000  -4.0000000000  14.8284270000 -71.9756130000  17.6203190000  -6.0000000000   0.0000000000   0.0000000000   0.0000000000   0.0000000000  36.0379160000   0.0000000000   0.0000000000  |  11.0451960000
  0.0000000000   0.0000000000   0.0000000000   0.0000000000   0.0000000000   1.6189378000   0.0000000000   0.0000000000   0.0000000000   0.0000000000   0.0000000000   0.0000000000  -2.0000000000   0.0000000000   0.0000000000   0.0000000000   0.0000000000   0.0000000000   0.0000000000   2.9817015000   0.0000000000   0.0000000000   0.0000000000   0.0000000000   0.0000000000   0.0000000000  -6.0000000000   0.0000000000   0.0000000000   0.0000000000   0.0000000000   0.0000000000   0.0000000000  23.3614440000   0.0000000000   1.6189378000  -2.0000000000   2.9817015000  -6.0000000000  23.3614440000 -92.0000000000  36.0379160000   0.0000000000   0.0000000000   0.0000000000   0.0000000000   0.0000000000  36.0379160000   0.0000000000  |  33.9999600000
  0.0000000000   0.0000000000   0.0000000000   0.0000000000   0.0000000000   0.0000000000   1.6189378000   0.0000000000   0.0000000000   0.0000000000   0.0000000000   0.0000000000   0.0000000000  -2.0000000000   0.0000000000   0.0000000000   0.0000000000   0.0000000000   0.0000000000   0.0000000000   2.9817015000   0.0000000000   0.0000000000   0.0000000000   0.0000000000   0.0000000000   0.0000000000  -6.0000000000   0.0000000000   0.0000000000   0.0000000000   0.0000000000   0.0000000000   0.0000000000  23.3614440000  -4.0000000000   4.6198401000  -6.0000000000   9.1715729000 -18.4852810000  71.6644310000 -236.0243900000   0.0000000000   0.0000000000   0.0000000000   0.0000000000   0.0000000000   0.0000000000  36.0379160000  | -177.0449500000
 -4.0000000000   0.0000000000   0.0000000000   0.0000000000   0.0000000000   0.0000000000   0.0000000000   4.6198401000   0.0000000000   0.0000000000   0.0000000000   0.0000000000   0.0000000000   0.0000000000  -6.0000000000   0.0000000000   0.0000000000   0.0000000000   0.0000000000   0.0000000000   0.0000000000   9.1715729000   0.0000000000   0.0000000000   0.0000000000   0.0000000000   0.0000000000   0.0000000000 -18.4852810000   0.0000000000   0.0000000000   0.0000000000   0.0000000000   0.0000000000   0.0000000000  71.6644310000   0.0000000000   0.0000000000   0.0000000000   0.0000000000   0.0000000000   0.0000000000 -380.0487700000  71.6644310000 -18.4852810000   9.1715729000  -6.0000000000   4.6198401000  -4.0000000000  | -489.2445500000
  0.0000000000  -4.0000000000   0.0000000000   0.0000000000   0.0000000000   0.0000000000   0.0000000000   0.0000000000   4.6198401000   0.0000000000   0.0000000000   0.0000000000   0.0000000000   0.0000000000   0.0000000000  -6.0000000000   0.0000000000   0.0000000000   0.0000000000   0.0000000000   0.0000000000   0.0000000000   9.1715729000   0.0000000000   0.0000000000   0.0000000000   0.0000000000   0.0000000000   0.0000000000 -18.4852810000   0.0000000000   0.0000000000   0.0000000000   0.0000000000   0.0000000000   0.0000000000  71.6644310000   0.0000000000   0.0000000000   0.0000000000   0.0000000000   0.0000000000  36.0379160000 -236.0243900000  23.3614440000  -6.0000000000   2.9817015000  -2.0000000000   1.6189378000  | -177.0453100000
  0.0000000000   0.0000000000  -4.0000000000   0.0000000000   0.0000000000   0.0000000000   0.0000000000   0.0000000000   0.0000000000   4.6198401000   0.0000000000   0.0000000000   0.0000000000   0.0000000000   0.0000000000   0.0000000000  -6.0000000000   0.0000000000   0.0000000000   0.0000000000   0.0000000000   0.0000000000   0.0000000000   9.1715729000   0.0000000000   0.0000000000   0.0000000000   0.0000000000   0.0000000000   0.0000000000 -18.4852810000   0.0000000000   0.0000000000   0.0000000000   0.0000000000   0.0000000000   0.0000000000  71.6644310000   0.0000000000   0.0000000000   0.0000000000   0.0000000000  -6.0000000000  17.6203190000 -216.0000000000  14.8284270000  -4.0000000000   2.0954098000  -1.5147186000  | -154.0000900000
  0.0000000000   0.0000000000   0.0000000000  -4.0000000000   0.0000000000   0.0000000000   0.0000000000   0.0000000000   0.0000000000   0.0000000000   4.6198401000   0.0000000000   0.0000000000   0.0000000000   0.0000000000   0.0000000000   0.0000000000  -6.0000000000   0.0000000000   0.0000000000   0.0000000000   0.0000000000   0.0000000000   0.0000000000   9.1715729000   0.0000000000   0.0000000000   0.0000000000   0.0000000000   0.0000000000   0.0000000000 -18.4852810000   0.0000000000   0.0000000000   0.0000000000   0.0000000000   0.0000000000   0.0000000000  71.6644310000   0.0000000000   0.0000000000   0.0000000000   2.3431458000  -4.0000000000  13.6568540000 -212.0243900000  13.6568540000  -4.0000000000   2.3431458000  | -125.3467200000
  0.0000000000   0.0000000000   0.0000000000   0.0000000000  -4.0000000000   0.0000000000   0.0000000000   0.0000000000   0.0000000000   0.0000000000   0.0000000000   4.6198401000   0.0000000000   0.0000000000   0.0000000000   0.0000000000   0.0000000000   0.0000000000  -6.0000000000   0.0000000000   0.0000000000   0.0000000000   0.0000000000   0.0000000000   0.0000000000   9.1715729000   0.0000000000   0.0000000000   0.0000000000   0.0000000000   0.0000000000   0.0000000000 -18.4852810000   0.0000000000   0.0000000000   0.0000000000   0.0000000000   0.0000000000   0.0000000000  71.6644310000   0.0000000000   0.0000000000  -1.5147186000   2.0954098000  -4.0000000000  14.8284270000 -216.0000000000  17.6203190000  -6.0000000000  | -153.9998400000
  0.0000000000   0.0000000000   0.0000000000   0.0000000000   0.0000000000  -4.0000000000   0.0000000000   0.0000000000   0.0000000000   0.0000000000   0.0000000000   0.0000000000   4.6198401000   0.0000000000   0.0000000000   0.0000000000   0.0000000000   0.0000000000   0.0000000000  -6.0000000000   0.0000000000   0.0000000000   0.0000000000   0.0000000000   0.0000000000   0.0000000000   9.1715729000   0.0000000000   0.0000000000   0.0000000000   0.0000000000   0.0000000000   0.0000000000 -18.4852810000   0.0000000000   0.0000000000   0.0000000000   0.0000000000   0.0000000000   0.0000000000  71.6644310000   0.0000000000   1.6189378000  -2.0000000000   2.9817015000  -6.0000000000  23.3614440000 -236.0243900000  36.0379160000  | -177.0449500000
  0.0000000000   0.0000000000   0.0000000000   0.0000000000   0.0000000000   0.0000000000  -4.0000000000   0.0000000000   0.0000000000   0.0000000000   0.0000000000   0.0000000000   0.0000000000   4.6198401000   0.0000000000   0.0000000000   0.0000000000   0.0000000000   0.0000000000   0.0000000000  -6.0000000000   0.0000000000   0.0000000000   0.0000000000   0.0000000000   0.0000000000   0.0000000000   9.1715729000   0.0000000000   0.0000000000   0.0000000000   0.0000000000   0.0000000000   0.0000000000 -18.4852810000   0.0000000000   0.0000000000   0.0000000000   0.0000000000   0.0000000000   0.0000000000  71.6644310000  -4.0000000000   4.6198401000  -6.0000000000   9.1715729000 -18.4852810000  71.6644310000 -380.0487700000  | -489.2443000000

Solution:
x1 = 1.7071071393
x2 = 1.3535539477
x3 = 1.0000005318
x4 = 0.8535533339
x5 = 0.9999989668
x6 = 1.3535518693
x7 = 1.7071061060
x8 = 1.3535539477
x9 = 1.0000004217
x10 = 0.6464468717
x11 = 0.4999998593
x12 = 0.6464459872
x13 = 0.9999994569
x14 = 1.3535536306
x15 = 1.0000005318
x16 = 0.6464468717
x17 = 0.2928932634
x18 = 0.1464464206
x19 = 0.2928928973
x20 = 0.6464465414
x21 = 1.0000004526
x22 = 0.8535533339
x23 = 0.4999998593
x24 = 0.1464464206
x25 = -0.0000002956
x26 = 0.1464462141
x27 = 0.4999996674
x28 = 0.8535532630
x29 = 0.9999989668
x30 = 0.6464459872
x31 = 0.2928928973
x32 = 0.1464462141
x33 = 0.2928925353
x34 = 0.6464456634
x35 = 0.9999988898
x36 = 1.3535518693
x37 = 0.9999994569
x38 = 0.6464465414
x39 = 0.4999996674
x40 = 0.6464456634
x41 = 0.9999985108
x42 = 1.3535515578
x43 = 1.7071061060
x44 = 1.3535536306
x45 = 1.0000004526
x46 = 0.8535532630
x47 = 0.9999988898
x48 = 1.3535515578
x49 = 1.7071050745

Program executed successfully.
